0.027166 0.000195 0.000484 
0.018513 0.001816 0.004733 
0.028650 0.000007 0.003523 
0.026478 0.002523 0.001371 
0.020408 0.000040 0.002354 
0.024243 0.000115 0.003244 
0.019361 0.000095 0.001769 
0.024275 0.000274 0.003734 
0.022230 0.000025 0.001386 
0.021385 0.000325 0.003207 
0.020756 0.000107 0.004745 
0.020663 0.000159 0.003101 
0.018811 0.000176 0.001322 
0.022009 0.000153 0.002971 
0.021416 0.000747 0.003374 
0.020915 0.000195 0.002815 
0.020661 0.001148 0.003619 
0.016955 0.000575 0.003599 
0.017546 0.000059 0.004132 
0.017540 0.000437 0.004671 
0.015531 0.000941 0.004701 
0.017429 0.000933 0.005195 
0.014907 0.000398 0.004879 
0.013233 0.000073 0.004422 
0.015446 0.000006 0.001201 
0.017049 0.000497 0.003674 
0.014386 0.000101 0.002578 
0.016926 0.000024 0.000534 
0.015291 0.000422 0.002060 
0.017044 0.000480 0.002842 
0.005302 0.000358 0.005230 
0.016548 0.000079 0.007518 
0.018109 0.000038 0.004677 
0.016317 0.000117 0.000037 
0.012343 0.000136 0.006222 
0.014544 0.000000 0.001710 
0.016637 0.000165 0.006293 
0.018841 0.000052 0.003389 
0.016728 0.000258 0.001674 
0.020369 0.000302 0.001797 
0.016938 0.000013 0.005199 
0.012099 0.000013 0.006733 
0.014016 0.000006 0.005814 
0.011335 0.000866 0.005863 
0.013296 0.000237 0.002033 
0.012461 0.000369 0.000170 
0.015575 0.000056 0.005338 
0.014111 0.000020 0.004744 
0.015268 0.000744 0.002786 
0.013666 0.000240 0.004834 
0.013162 0.000622 0.002504 
0.013059 0.000481 0.006626 
0.010860 0.000091 0.002742 
0.010791 0.000109 0.000029 
0.009471 0.000150 0.002022 
0.009081 0.000100 0.006746 
0.008076 0.000006 0.003350 
0.033261 0.000259 0.004909 
0.014542 0.000946 0.007891 
0.011996 0.000345 0.008011 
0.010160 0.001132 0.007877 
0.010242 0.000837 0.004761 
0.011206 0.000235 0.007669 
0.018587 0.000018 0.006575 
0.018180 0.000423 0.006546 
0.014804 0.000106 0.003518 
0.012447 0.000025 0.004709 
0.012078 0.000027 0.005408 
0.011554 0.000385 0.004470 
0.010475 0.002560 0.003088 
0.011091 0.000235 0.003150 
0.014169 0.000107 0.002255 
0.007998 0.000901 0.000057 
0.013612 0.000030 0.005728 
0.013420 0.000193 0.000772 
0.012553 0.000643 0.002872 
0.010958 0.000073 0.002452 
0.007263 0.000193 0.002176 
0.013640 0.000184 0.006771 
0.010735 0.000027 0.004804 
0.009277 0.000115 0.003440 
0.013284 0.000202 0.004532 
0.013297 0.000000 0.003926 
0.010227 0.000447 0.002688 
0.010984 0.000153 0.002024 
0.008807 0.001023 0.000056 
0.010120 0.000034 0.001473 
0.006676 0.000003 0.004207 
0.010746 0.000392 0.000400 
0.010987 0.000067 0.002234 
0.009255 0.000317 0.003712 
0.010374 0.000164 0.001154 
0.010152 0.001755 0.004565 
0.010392 0.000003 0.003183 
0.009701 0.000003 0.004637 
0.008455 0.000007 0.002400 
0.006909 0.000005 0.004265 
0.008991 0.000004 0.003467 
0.008655 0.000199 0.003520 
0.011255 0.000006 0.002523 
0.008078 0.000058 0.004777 
0.008086 0.000347 0.005682 
0.009024 0.000398 0.002952 
0.009621 0.000000 0.003784 
0.009073 0.000531 0.002275 
0.010745 0.000034 0.005714 
0.009072 0.000010 0.002046 
0.008562 0.000073 0.004154 
0.008646 0.000000 0.004252 
0.008002 0.000292 0.003345 
0.010718 0.000401 0.003975 
0.008554 0.000043 0.004033 
0.008678 0.000604 0.003546 
0.009985 0.000092 0.000932 
0.010429 0.000048 0.004932 
0.009204 0.000888 0.003723 
0.010674 0.000058 0.004351 
0.007954 0.000149 0.005051 
0.009999 0.000043 0.003664 
0.009597 0.000182 0.003728 
0.009517 0.000050 0.001487 
0.008412 0.000306 0.002850 
0.009134 0.000020 0.002280 
0.007706 0.000073 0.002299 
0.007971 0.000092 0.002497 
0.009834 0.000237 0.001160 
0.006916 0.000181 0.000215 
0.010764 0.000354 0.003021 
0.010041 0.000023 0.001789 
0.009451 0.000036 0.004180 
0.008264 0.000404 0.003997 
0.008886 0.000019 0.000029 
0.008782 0.000063 0.002637 
0.005448 0.000007 0.002646 
0.003244 0.000005 0.001906 
0.009501 0.000018 0.001398 
0.008450 0.000016 0.003000 
0.008556 0.000039 0.003949 
0.007485 0.000000 0.001432 
0.005330 0.000104 0.002971 
0.008217 0.000001 0.004782 
0.007503 0.000013 0.001506 
0.008289 0.000003 0.002203 
0.008785 0.000008 0.002017 
0.009122 0.000040 0.002878 
0.007983 0.000012 0.003250 
0.006861 0.000008 0.001111 
0.005887 0.000059 0.002736 
0.007065 0.000056 0.001721 
0.008764 0.000135 0.001264 
0.006701 0.000000 0.004866 
0.008804 0.000930 0.003166 
0.008143 0.000232 0.000947 
0.008390 0.000003 0.002198 
0.008709 0.000069 0.003304 
0.008294 0.000277 0.003287 
0.008091 0.000014 0.003731 
0.006711 0.000038 0.002625 
0.006057 0.000006 0.002096 
0.007871 0.000062 0.001724 
0.006257 0.000211 0.001442 
0.006910 0.000012 0.003913 
0.006464 0.000164 0.002203 
0.007690 0.000139 0.003521 
0.004897 0.000046 0.001000 
0.006741 0.000009 0.000231 
0.007380 0.000070 0.002573 
0.007221 0.000001 0.004185 
0.005532 0.000174 0.004145 
0.005352 0.000017 0.001950 
0.006997 0.000447 0.002808 
0.007899 0.000001 0.002474 
0.005858 0.000000 0.002796 
0.006089 0.000117 0.003915 
0.003503 0.000075 0.002236 
0.006393 0.000141 0.003016 
0.005939 0.000184 0.002585 
0.003926 0.000125 0.002472 
0.007443 0.000496 0.001701 
0.005911 0.000004 0.003063 
0.005261 0.000016 0.002379 
0.004824 0.000004 0.001484 
0.005741 0.000350 0.001730 
0.007612 0.000003 0.001538 
0.006523 0.000344 0.000682 
0.005946 0.000319 0.002246 
0.007287 0.000281 0.001608 
0.006235 0.000000 0.002090 
0.006739 0.000390 0.002532 
0.006536 0.000182 0.002025 
0.008161 0.000369 0.000339 
0.006704 0.000058 0.002294 
0.007661 0.000298 0.002882 
0.006097 0.000137 0.000837 
0.007287 0.000008 0.001840 
0.006306 0.000019 0.001513 
0.007524 0.000004 0.000891 
0.005795 0.000181 0.001592 
0.006878 0.000020 0.001489 
0.005055 0.000028 0.002513 
0.005251 0.000019 0.002207 
0.004550 0.000091 0.000425 
0.006620 0.000070 0.000766 
0.005376 0.000008 0.000509 
0.006372 0.000052 0.001562 
0.005157 0.000002 0.001676 
0.006467 0.000048 0.001982 
0.006058 0.000002 0.002325 
0.004540 0.000032 0.003228 
0.003451 0.000030 0.002016 
0.005776 0.000005 0.002031 
0.006549 0.000000 0.002257 
0.004238 0.000011 0.002434 
0.004680 0.000094 0.001718 
0.004694 0.000004 0.002727 
0.005992 0.000000 0.001239 
0.005581 0.000092 0.002744 
0.006252 0.000001 0.000915 
0.005246 0.000010 0.001495 
0.004664 0.000305 0.002077 
0.004530 0.000003 0.001190 
0.005751 0.000000 0.002107 
0.005861 0.000090 0.002576 
0.003882 0.000000 0.000502 
0.004250 0.000022 0.001726 
0.005454 0.000000 0.002315 
0.005180 0.000128 0.001493 
0.005545 0.000007 0.000625 
0.004974 0.000030 0.002801 
0.005305 0.000039 0.002792 
0.005389 0.000002 0.001165 
0.004947 0.000001 0.002122 
0.005184 0.000009 0.002258 
0.004822 0.000486 0.001540 
0.004794 0.000065 0.002182 
0.003943 0.000102 0.002470 
0.005224 0.000001 0.001706 
0.003739 0.000010 0.001136 
0.005016 0.000182 0.000680 
0.005396 0.000001 0.001846 
0.005395 0.000012 0.002216 
0.004357 0.000063 0.001146 
0.005468 0.000325 0.001875 
0.005935 0.000014 0.001558 
0.004444 0.000008 0.001968 
0.004617 0.000026 0.001187 
0.004654 0.000001 0.000635 
0.005426 0.000296 0.001749 
0.003855 0.000177 0.000733 
0.005109 0.000035 0.002786 
0.004806 0.000004 0.001907 
0.005136 0.000003 0.002243 
0.005392 0.000002 0.001375 
0.003883 0.000008 0.002029 
0.003682 0.000363 0.002270 
0.004830 0.000010 0.002068 
0.005147 0.000071 0.001625 
0.004477 0.000031 0.002387 
0.004767 0.000129 0.003324 
0.004073 0.000117 0.001495 
0.004723 0.000007 0.001535 
0.003507 0.000019 0.000437 
0.004445 0.000021 0.000088 
0.003871 0.000068 0.001439 
0.003863 0.000109 0.001573 
0.004230 0.000013 0.001057 
0.004016 0.000004 0.001738 
0.003628 0.000388 0.000609 
0.004893 0.000033 0.002196 
0.005054 0.000044 0.000781 
0.004292 0.000095 0.001199 
0.004869 0.000010 0.001533 
0.003838 0.000001 0.002416 
0.003884 0.000027 0.000475 
0.004860 0.000038 0.001987 
0.004115 0.000008 0.001647 
0.002433 0.000103 0.001755 
0.002732 0.000022 0.000649 
0.003892 0.000167 0.001621 
0.003311 0.000248 0.002129 
0.004127 0.000003 0.001139 
0.004771 0.000036 0.001917 
0.004141 0.000009 0.001745 
0.003953 0.000020 0.000239 
0.004208 0.000013 0.002657 
0.003183 0.000042 0.000699 
0.003825 0.000003 0.001328 
0.003919 0.000102 0.001064 
0.003713 0.000041 0.001198 
0.004339 0.000004 0.001753 
0.004260 0.000133 0.001213 
0.004070 0.000004 0.001650 
0.002926 0.000002 0.002051 
0.003862 0.000001 0.001743 
0.003407 0.000007 0.000939 
0.002849 0.000005 0.002296 
0.004054 0.000012 0.001792 
0.003375 0.000128 0.002027 
0.003757 0.000000 0.001632 
0.003606 0.000280 0.001324 
0.002579 0.000017 0.001564 
0.003645 0.000027 0.000818 
0.003503 0.000015 0.000142 
0.003517 0.000050 0.001478 
0.003894 0.000001 0.001857 
0.003932 0.000017 0.001021 
0.003246 0.000000 0.001608 
0.003295 0.000129 0.000064 
0.003825 0.000175 0.000548 
0.002789 0.000055 0.001357 
0.003739 0.000275 0.001076 
0.003452 0.000044 0.000648 
0.002806 0.000010 0.001112 
0.003997 0.000000 0.001517 
0.002917 0.000024 0.001795 
0.002616 0.000008 0.000563 
0.003090 0.000024 0.001509 
0.002284 0.000058 0.001001 
0.002886 0.000004 0.001507 
0.003824 0.000003 0.000516 
0.002318 0.000034 0.001433 
0.003529 0.000037 0.000897 
0.003502 0.000199 0.001489 
0.001879 0.000005 0.001598 
0.003844 0.000127 0.001235 
0.002845 0.000000 0.001713 
0.002889 0.000080 0.000638 
0.002551 0.000035 0.001707 
0.003178 0.000000 0.001123 
0.002940 0.000002 0.001031 
0.003378 0.000006 0.001546 
0.003066 0.000018 0.001009 
0.002485 0.000109 0.001115 
0.002408 0.000030 0.000974 
0.003210 0.000049 0.001192 
0.003133 0.000001 0.000768 
0.002897 0.000025 0.001254 
0.002312 0.000043 0.001336 
0.002411 0.000004 0.001491 
0.002563 0.000006 0.000733 
0.003370 0.000037 0.001443 
0.002299 0.000005 0.000436 
0.003223 0.000002 0.001010 
0.004625 0.000149 0.000961 
0.003476 0.000101 0.001251 
0.002862 0.000004 0.001201 
0.003175 0.000003 0.001320 
0.003299 0.000008 0.001577 
0.002630 0.000059 0.001658 
0.003448 0.000003 0.000517 
0.002611 0.000088 0.000686 
0.001969 0.000052 0.001465 
0.002515 0.000005 0.001046 
0.002266 0.000000 0.000719 
0.003288 0.000083 0.000425 
0.003406 0.000036 0.001439 
0.002439 0.000006 0.001382 
0.002520 0.000005 0.001281 
0.002669 0.000142 0.001379 
0.002705 0.000008 0.001151 
0.002874 0.000006 0.000504 
0.001913 0.000118 0.000640 
0.002333 0.000014 0.001071 
0.002633 0.000028 0.000947 
0.002956 0.000006 0.000720 
0.002846 0.000069 0.000331 
0.002566 0.000018 0.000845 
0.002526 0.000066 0.001141 
0.001819 0.000009 0.000691 
0.002106 0.000011 0.000783 
0.002546 0.000034 0.000303 
0.002502 0.000015 0.000754 
0.002398 0.000016 0.000798 
0.002337 0.000000 0.000776 
0.002211 0.000024 0.000613 
0.002208 0.000037 0.001113 
0.002138 0.000126 0.001103 
0.002077 0.000006 0.001014 
0.002364 0.000021 0.001357 
0.002104 0.000013 0.000328 
0.002514 0.000000 0.000382 
0.002120 0.000048 0.000878 
0.002152 0.000019 0.000858 
0.001670 0.000004 0.000995 
0.002443 0.000056 0.000553 
0.002642 0.000004 0.000631 
0.001689 0.000000 0.000907 
0.002553 0.000070 0.001040 
0.002152 0.000025 0.000962 
0.002130 0.000014 0.000939 
0.001652 0.000014 0.000784 
0.002205 0.000039 0.001405 
0.001912 0.000004 0.001182 
0.002547 0.000003 0.001253 
0.002383 0.000001 0.000513 
0.002005 0.000006 0.000930 
0.002264 0.000076 0.000469 
0.002177 0.000002 0.001082 
0.002241 0.000000 0.000394 
0.001663 0.000006 0.000889 
0.002165 0.000007 0.001110 
0.002194 0.000163 0.001016 
0.001947 0.000027 0.000949 
0.002208 0.000040 0.000658 
0.001804 0.000036 0.001235 
0.002229 0.000019 0.001011 
0.002085 0.000020 0.000796 
0.002438 0.000008 0.001124 
0.002345 0.000012 0.000439 
0.002512 0.000073 0.000583 
0.002647 0.000324 0.000732 
0.009599 0.000217 0.001530 
0.032614 0.000784 0.001535 
0.040290 0.000643 0.005125 
0.007099 0.000161 0.000305 
0.003362 0.000069 0.000768 
0.009514 0.000014 0.002375 
0.026509 0.000150 0.002812 
0.019962 0.000168 0.000048 
0.005337 0.000025 0.000146 
0.032236 0.000211 0.001471 
0.004278 0.000016 0.000199 
0.002325 0.000060 0.001559 
0.002361 0.000012 0.001505 
0.003138 0.000008 0.000972 
0.003142 0.000000 0.001485 
0.003840 0.000023 0.001031 
0.006962 0.000130 0.000609 
0.018474 0.001228 0.002235 
0.029681 0.000351 0.000767 
0.002810 0.000062 0.000427 
0.003239 0.000072 0.000814 
0.000849 0.000351 0.000409 
0.002174 0.000114 0.000374 
0.002238 0.000054 0.000698 
0.001948 0.000065 0.000826 
0.002008 0.000031 0.000704 
0.001824 0.000118 0.000532 
0.004371 0.000109 0.001277 
0.001541 0.000051 0.000601 
0.001499 0.000073 0.000660 
0.001781 0.000079 0.000103 
0.001820 0.000042 0.000319 
0.002160 0.000094 0.000761 
0.001437 0.000000 0.000839 
0.002045 0.000008 0.000828 
0.002164 0.000067 0.000441 
0.001733 0.000089 0.000239 
0.001811 0.000009 0.000364 
0.001458 0.000009 0.000687 
0.001578 0.000030 0.000442 
0.001529 0.000008 0.000303 
0.001899 0.000002 0.000671 
0.001523 0.000000 0.000024 
0.001762 0.000005 0.000582 
0.001542 0.000015 0.000783 
0.001710 0.000001 0.000780 
0.001419 0.000060 0.000486 
0.001737 0.000010 0.000582 
0.000811 0.000000 0.000682 
0.001422 0.000012 0.000671 
0.001708 0.000013 0.000369 
0.001732 0.000025 0.000644 
0.001573 0.000007 0.000314 
0.001779 0.000033 0.000696 
0.001233 0.000061 0.000777 
0.001477 0.000025 0.000328 
0.001621 0.000090 0.000373 
0.001736 0.000032 0.000590 
0.001577 0.000047 0.000661 
0.001167 0.000016 0.000728 
0.001466 0.000005 0.000484 
0.001184 0.000005 0.000537 
0.001521 0.000025 0.000528 
0.001243 0.000054 0.000796 
0.001618 0.000019 0.000671 
0.001024 0.000004 0.000613 
0.001144 0.000001 0.000759 
0.001329 0.000120 0.000629 
0.001418 0.000011 0.000333 
0.001444 0.000035 0.000272 
0.001561 0.000010 0.000494 
0.001435 0.000612 0.000448 
0.000986 0.000053 0.000836 
0.001497 0.000002 0.000933 
0.001300 0.000000 0.000613 
0.001214 0.000060 0.000533 
0.000952 0.000022 0.000558 
0.001144 0.000019 0.000643 
0.001233 0.000002 0.000824 
0.001511 0.000000 0.000686 
0.001561 0.000001 0.000589 
0.001451 0.000067 0.000534 
0.001522 0.000019 0.000773 
0.001471 0.000120 0.000402 
0.001540 0.000012 0.000572 
0.001540 0.000062 0.000497 
0.001497 0.000010 0.000768 
0.001279 0.000007 0.000659 
0.001356 0.000157 0.000696 
0.001290 0.000002 0.000497 
0.001253 0.000063 0.000652 
0.001475 0.000010 0.000570 
0.001118 0.000101 0.000660 
0.001085 0.000005 0.000611 
0.000982 0.000035 0.000321 
0.001332 0.000062 0.000656 
0.001326 0.000003 0.000550 
0.000756 0.000044 0.000601 
0.000799 0.000002 0.000372 
0.001195 0.000000 0.000396 
0.001401 0.000026 0.000789 
0.001061 0.000009 0.000247 
0.001039 0.000000 0.000573 
0.001074 0.000019 0.000800 
0.001316 0.000005 0.000730 
0.001210 0.000081 0.000575 
0.001045 0.000006 0.000723 
0.000820 0.000029 0.000478 
0.001437 0.000099 0.000376 
0.001272 0.000008 0.000280 
0.001485 0.000003 0.000164 
0.001037 0.000115 0.000272 
0.001356 0.000025 0.000496 
0.001539 0.000052 0.000517 
0.001146 0.000033 0.000306 
0.001383 0.000001 0.000483 
0.001386 0.000117 0.000296 
0.001191 0.000102 0.000283 
0.000962 0.000011 0.000346 
0.000680 0.000006 0.000621 
0.001116 0.000001 0.000407 
0.001124 0.000016 0.000160 
0.000905 0.000031 0.000475 
0.001218 0.000081 0.000450 
0.001287 0.000030 0.000283 
0.000995 0.000114 0.000248 
0.001520 0.000091 0.000275 
0.001336 0.000011 0.000429 
0.001581 0.000036 0.000168 
0.001239 0.000015 0.000575 
0.001309 0.000011 0.000567 
0.000745 0.000007 0.000433 
0.001010 0.000000 0.000537 
0.000975 0.000000 0.000436 
0.001238 0.000028 0.000436 
0.000912 0.000051 0.000482 
0.001335 0.000016 0.000498 
0.001077 0.000000 0.000350 
0.001176 0.000011 0.000457 
0.001075 0.000041 0.000267 
0.001226 0.000003 0.000272 
0.001166 0.000018 0.000593 
0.001227 0.000004 0.000506 
0.001068 0.000047 0.000505 
0.000884 0.000002 0.000302 
0.000865 0.000009 0.000047 
0.001082 0.000013 0.000758 
0.000840 0.000004 0.000284 
0.000904 0.000026 0.000574 
0.000796 0.000001 0.000267 
0.000473 0.000055 0.000387 
0.000843 0.000140 0.000506 
0.000941 0.000009 0.000481 
0.000799 0.000001 0.000377 
0.000904 0.000000 0.000329 
0.000825 0.000002 0.000549 
0.000934 0.000007 0.000319 
0.000814 0.000012 0.000315 
0.000703 0.000020 0.000421 
0.000692 0.000019 0.000411 
0.000823 0.000034 0.000265 
0.000730 0.000000 0.000574 
0.001023 0.000021 0.000338 
0.000834 0.000002 0.000383 
0.001011 0.000000 0.000444 
0.000951 0.000077 0.000022 
0.000916 0.000007 0.000288 
0.000521 0.000016 0.000352 
0.000905 0.000042 0.000258 
0.000744 0.000071 0.000448 
0.000884 0.000012 0.000407 
0.000800 0.000001 0.000289 
0.000642 0.000092 0.000297 
0.000969 0.000001 0.000443 
0.000759 0.000001 0.000505 
0.000724 0.000017 0.000520 
0.000640 0.000059 0.000385 
0.000477 0.000016 0.000370 
0.000672 0.000001 0.000267 
0.000735 0.000012 0.000331 
0.000737 0.000053 0.000450 
0.000732 0.000026 0.000422 
0.000694 0.000009 0.000386 
0.000876 0.000049 0.000432 
0.000745 0.000066 0.000431 
0.000464 0.000019 0.000262 
0.000841 0.000009 0.000418 
0.000704 0.000048 0.000305 
0.000838 0.000025 0.000005 
0.000841 0.000005 0.000564 
0.000554 0.000090 0.000387 
0.000876 0.000002 0.000377 
0.000780 0.000001 0.000147 
0.000640 0.000014 0.000280 
0.000813 0.000134 0.000176 
0.000769 0.000037 0.000440 
0.000715 0.000040 0.000350 
0.000607 0.000025 0.000472 
0.000712 0.000041 0.000379 
0.000646 0.000045 0.000383 
0.000686 0.000030 0.000394 
0.000877 0.000015 0.000346 
0.000573 0.000040 0.000330 
0.000877 0.000031 0.000349 
0.000869 0.000028 0.000354 
0.000799 0.000039 0.000420 
0.000813 0.000098 0.000187 
0.000649 0.000086 0.000407 
0.000728 0.000025 0.000395 
0.000647 0.000002 0.000091 
0.000627 0.000026 0.000258 
0.000694 0.000028 0.000199 
0.000653 0.000065 0.000355 
0.000577 0.000008 0.000415 
0.000635 0.000003 0.000259 
0.000655 0.000041 0.000347 
0.000508 0.000003 0.000361 
0.000592 0.000017 0.000155 
0.000652 0.000100 0.000282 
0.000604 0.000005 0.000180 
0.000733 0.000071 0.000348 
0.000721 0.000015 0.000424 
0.000659 0.000005 0.000416 
0.000632 0.000000 0.000353 
0.000697 0.000038 0.000080 
0.000571 0.000029 0.000237 
0.000668 0.000077 0.000387 
0.000639 0.000021 0.000153 
0.000699 0.000095 0.000329 
0.000623 0.000001 0.000376 
0.000533 0.000023 0.000297 
0.000491 0.000007 0.000253 
0.000254 0.000065 0.000396 
0.000622 0.000016 0.000153 
0.000572 0.000026 0.000356 
0.000718 0.000030 0.000300 
0.000615 0.000069 0.000288 
0.000654 0.000008 0.000118 
0.000503 0.000045 0.000285 
0.000504 0.000019 0.000224 
0.000499 0.000019 0.000109 
0.000564 0.000048 0.000316 
0.000650 0.000062 0.000341 
0.000449 0.000045 0.000364 
0.000648 0.000006 0.000214 
0.000549 0.000015 0.000229 
0.000480 0.000105 0.000145 
0.000542 0.000005 0.000403 
0.000492 0.000024 0.000247 
0.000573 0.000038 0.000380 
0.000493 0.000066 0.000265 
0.000610 0.000012 0.000269 
0.000552 0.000015 0.000278 
0.000404 0.000034 0.000352 
0.000492 0.000024 0.000323 
0.000284 0.000038 0.000215 
0.000530 0.000033 0.000307 
0.000558 0.000047 0.000140 
0.000556 0.000033 0.000179 
0.000580 0.000027 0.000009 
0.000648 0.000023 0.000335 
0.000406 0.000052 0.000293 
0.000286 0.000054 0.000223 
0.000539 0.000035 0.000341 
0.000497 0.000037 0.000027 
0.000515 0.000001 0.000239 
0.000523 0.000029 0.000208 
0.000485 0.000014 0.000218 
0.000609 0.000021 0.000202 
0.000487 0.000035 0.000297 
0.000372 0.000026 0.000009 
0.000492 0.000005 0.000266 
0.000535 0.000033 0.000106 
0.000542 0.000030 0.000154 
0.000513 0.000012 0.000213 
0.000570 0.000005 0.000170 
0.000506 0.000023 0.000316 
0.000482 0.000036 0.000282 
0.000494 0.000048 0.000208 
0.000509 0.000007 0.000286 
0.000446 0.000042 0.000234 
0.000534 0.000026 0.000154 
0.000346 0.000010 0.000357 
0.000569 0.000003 0.000001 
0.000517 0.000001 0.000349 
0.000216 0.000000 0.000156 
0.000275 0.000009 0.000201 
0.000269 0.000008 0.000249 
0.000499 0.000005 0.000080 
0.000513 0.000001 0.000215 
0.001015 0.000026 0.000048 
0.001445 0.000077 0.000077 
0.001206 0.000002 0.000013 
0.001478 0.000055 0.000164 
0.001179 0.000131 0.000166 
0.000322 0.000030 0.000252 
0.000318 0.000016 0.000259 
0.000368 0.000018 0.000302 
0.000485 0.000016 0.000157 
0.000184 0.000039 0.000337 
0.000481 0.000030 0.000298 
0.000284 0.000020 0.000245 
0.000320 0.000003 0.000181 
0.000673 0.000071 0.000339 
0.000432 0.000049 0.000181 
0.000783 0.000076 0.000407 
0.000335 0.000037 0.000214 
0.000341 0.000026 0.000233 
0.000306 0.000023 0.000169 
0.000311 0.000043 0.000249 
0.000301 0.000014 0.000247 
0.000272 0.000045 0.000149 
0.000210 0.000067 0.000194 
0.000231 0.000112 0.000117 
0.000201 0.000046 0.000232 
0.000265 0.000085 0.000205 
0.000269 0.000019 0.000167 
0.000326 0.000047 0.000261 
0.000302 0.000029 0.000288 
0.000347 0.000014 0.000186 
0.000273 0.000058 0.000232 
0.000353 0.000040 0.000216 
0.000369 0.000058 0.000160 
0.000222 0.000050 0.000072 
0.000349 0.000061 0.000202 
0.000304 0.000037 0.000256 
0.000255 0.000025 0.000112 
0.000203 0.000099 0.000196 
0.000237 0.000056 0.000137 
0.000295 0.000059 0.000202 
0.000298 0.000084 0.000182 
0.000296 0.000062 0.000254 
0.000350 0.000043 0.000193 
0.000289 0.000073 0.000152 
0.000301 0.000063 0.000144 
0.000272 0.000087 0.000096 
0.000225 0.000101 0.000000 
0.000337 0.000052 0.000132 
0.000285 0.000065 0.000004 
0.000306 0.000064 0.000128 
0.000256 0.000059 0.000122 
0.000332 0.000061 0.000308 
0.000299 0.000034 0.000153 
0.000336 0.000043 0.000163 
0.000344 0.000085 0.000189 
0.000288 0.000069 0.000024 
0.000250 0.000046 0.000126 
0.000244 0.000029 0.000136 
0.000336 0.000092 0.000149 
0.000314 0.000073 0.000049 
0.000314 0.000087 0.000143 
0.000295 0.000029 0.000148 
0.000267 0.000058 0.000156 
0.000266 0.000047 0.000150 
0.000204 0.000083 0.000191 
0.000284 0.000047 0.000130 
0.000275 0.000054 0.000159 
0.000263 0.000036 0.000079 
0.000276 0.000019 0.000139 
0.000272 0.000029 0.000149 
0.000236 0.000041 0.000134 
0.000230 0.000115 0.000163 
0.000235 0.000053 0.000123 
0.000232 0.000029 0.000133 
0.000221 0.000031 0.000069 
0.000232 0.000067 0.000156 
0.000121 0.000045 0.000225 
0.000265 0.000098 0.000026 
0.000188 0.000052 0.000164 
0.000250 0.000029 0.000084 
0.000258 0.000050 0.000119 
0.000260 0.000081 0.000107 
0.000261 0.000074 0.000019 
0.000227 0.000029 0.000166 
0.000213 0.000037 0.000183 
0.000222 0.000080 0.000137 
0.000236 0.000049 0.000215 
0.000218 0.000033 0.000140 
0.000280 0.000061 0.000153 
0.000258 0.000065 0.000076 
0.000193 0.000029 0.000087 
0.000946 0.000042 0.000162 
0.000372 0.000047 0.000078 
0.000599 0.000052 0.000087 
0.000781 0.000057 0.000008 
0.000960 0.000123 0.000055 
0.001226 0.000023 0.000034 
0.000162 0.000036 0.000501 
0.000435 0.000046 0.000422 
0.000056 0.000039 0.000285 
0.000083 0.000063 0.000108 
0.000289 0.000040 0.000296 
0.000146 0.000048 0.000301 
0.000221 0.000048 0.000220 
0.000234 0.000029 0.000097 
0.000179 0.000039 0.000142 
0.000220 0.000028 0.000176 
0.000180 0.000022 0.000168 
0.000190 0.000088 0.000208 
0.000146 0.000059 0.000128 
0.000158 0.000056 0.000208 
0.000164 0.000042 0.000165 
0.000167 0.000063 0.000135 
0.000185 0.000040 0.000146 
0.000154 0.000088 0.000161 
0.000175 0.000045 0.000177 
0.000167 0.000078 0.000124 
0.000162 0.000038 0.000024 
0.000179 0.000047 0.000153 
0.000184 0.000025 0.000160 
0.000157 0.000044 0.000143 
0.000184 0.000042 0.000120 
0.000208 0.000057 0.000119 
0.000178 0.000053 0.000112 
0.000178 0.000024 0.000123 
0.000201 0.000062 0.000068 
0.000195 0.000056 0.000061 
0.000216 0.000043 0.000121 
0.000204 0.000034 0.000048 
0.000170 0.000048 0.000068 
0.000183 0.000038 0.000046 
0.000189 0.000060 0.000078 
0.000173 0.000054 0.000130 
0.000165 0.000050 0.000118 
0.000148 0.000051 0.000153 
0.000175 0.000056 0.000113 
0.000195 0.000070 0.000058 
0.000182 0.000029 0.000111 
0.000155 0.000009 0.000118 
0.000146 0.000035 0.000050 
0.000198 0.000040 0.000126 
0.000185 0.000055 0.000144 
0.000151 0.000058 0.000058 
0.000148 0.000111 0.000108 
0.000158 0.000049 0.000131 
0.000108 0.000051 0.000021 
0.000142 0.000083 0.000073 
0.000116 0.000070 0.000098 
0.000185 0.000044 0.000091 
0.000154 0.000050 0.000024 
0.000138 0.000054 0.000104 
0.000174 0.000096 0.000077 
0.000141 0.000043 0.000101 
0.000103 0.000054 0.000071 
0.000122 0.000060 0.000127 
0.000185 0.000051 0.000080 
0.000144 0.000048 0.000063 
0.000173 0.000040 0.000122 
0.000149 0.000037 0.000107 
0.000172 0.000033 0.000149 
0.000133 0.000061 0.000059 
0.000142 0.000043 0.000147 
0.000161 0.000037 0.000081 
0.000130 0.000071 0.000106 
0.000163 0.000049 0.000094 
0.000150 0.000064 0.000139 
0.000147 0.000058 0.000123 
0.000183 0.000056 0.000085 
0.000177 0.000050 0.000051 
0.000090 0.000011 0.000100 
0.000131 0.000038 0.000108 
0.000118 0.000054 0.000088 
0.000114 0.000033 0.000072 
0.000153 0.000066 0.000086 
0.000113 0.000039 0.000110 
0.000111 0.000021 0.000092 
0.000143 0.000067 0.000091 
0.000136 0.000050 0.000031 
0.000129 0.000074 0.000061 
0.000086 0.000030 0.000120 
0.000121 0.000064 0.000087 
0.000122 0.000040 0.000105 
0.000108 0.000056 0.000091 
0.000142 0.000064 0.000085 
0.000111 0.000022 0.000071 
0.000140 0.000063 0.000111 
0.000131 0.000059 0.000081 
0.000123 0.000047 0.000092 
0.000142 0.000072 0.000046 
0.000127 0.000042 0.000080 
0.000156 0.000035 0.000089 
0.000133 0.000055 0.000059 
0.000128 0.000057 0.000057 
0.000101 0.000025 0.000083 
0.000116 0.000065 0.000093 
0.000131 0.000042 0.000072 
0.000144 0.000048 0.000082 
0.000138 0.000051 0.000095 
0.000117 0.000060 0.000072 
0.000113 0.000054 0.000087 
0.000110 0.000052 0.000099 
0.000092 0.000078 0.000004 
0.000113 0.000036 0.000045 
0.000121 0.000057 0.000059 
0.000138 0.000027 0.000086 
0.000136 0.000077 0.000084 
0.000090 0.000039 0.000061 
0.000105 0.000079 0.000065 
0.000075 0.000047 0.000086 
0.000092 0.000043 0.000087 
0.000114 0.000037 0.000000 
0.000076 0.000051 0.000090 
0.000100 0.000047 0.000064 
0.000124 0.000030 0.000061 
0.000124 0.000031 0.000062 
0.000100 0.000049 0.000061 
0.000117 0.000051 0.000054 
0.000102 0.000069 0.000036 
0.000060 0.000036 0.000059 
0.000073 0.000024 0.000059 
0.000111 0.000051 0.000070 
0.000119 0.000044 0.000062 
0.000118 0.000061 0.000070 
0.000106 0.000053 0.000068 
0.000117 0.000038 0.000050 
0.000122 0.000039 0.000055 
0.000120 0.000058 0.000057 
0.000083 0.000037 0.000041 
0.000082 0.000044 0.000075 
0.000073 0.000035 0.000060 
0.000060 0.000027 0.000119 
0.000094 0.000038 0.000084 
0.000059 0.000040 0.000114 
0.000066 0.000023 0.000106 
0.000081 0.000038 0.000005 
0.000089 0.000049 0.000082 
0.000092 0.000038 0.000082 
0.000124 0.000050 0.000088 
0.000057 0.000022 0.000074 
0.000052 0.000059 0.000073 
0.000046 0.000043 0.000101 
0.000047 0.000049 0.000044 
0.000064 0.000061 0.000116 
0.000051 0.000040 0.000064 
0.000085 0.000030 0.000045 
0.000066 0.000021 0.000113 
0.000066 0.000013 0.000122 
0.000073 0.000037 0.000053 
0.000042 0.000023 0.000082 
0.000061 0.000019 0.000061 
0.000078 0.000030 0.000064 
0.000072 0.000053 0.000078 
0.000056 0.000051 0.000053 
0.000076 0.000046 0.000050 
0.000087 0.000041 0.000093 
0.000084 0.000050 0.000057 
0.000085 0.000041 0.000029 
0.000085 0.000026 0.000044 
0.000077 0.000031 0.000051 
0.000085 0.000042 0.000044 
0.000090 0.000043 0.000075 
0.000098 0.000050 0.000070 
0.000096 0.000034 0.000044 
0.000092 0.000049 0.000112 
0.000088 0.000052 0.000040 
0.000097 0.000048 0.000044 
0.000092 0.000023 0.000059 
0.000083 0.000039 0.000031 
0.000083 0.000038 0.000051 
0.000089 0.000036 0.000053 
0.000098 0.000049 0.000061 
0.000053 0.000040 0.000068 
0.000060 0.000048 0.000070 
0.000064 0.000051 0.000027 
0.000092 0.000053 0.000071 
0.000039 0.000031 0.000063 
0.000040 0.000020 0.000050 
0.000053 0.000019 0.000031 
0.000053 0.000050 0.000048 
0.000052 0.000064 0.000070 
0.000053 0.000029 0.000073 
0.000085 0.000025 0.000014 
0.000058 0.000025 0.000032 
0.000064 0.000028 0.000065 
0.000058 0.000048 0.000070 
0.000045 0.000039 0.000046 
0.000064 0.000029 0.000050 
0.000064 0.000037 0.000044 
0.000065 0.000043 0.000035 
0.000061 0.000051 0.000057 
0.000068 0.000038 0.000044 
0.000071 0.000040 0.000061 
0.000073 0.000034 0.000040 
0.000076 0.000039 0.000027 
0.000061 0.000042 0.000055 
0.000058 0.000036 0.000059 
0.000071 0.000043 0.000039 
0.000067 0.000036 0.000032 
0.000066 0.000046 0.000045 
