0.019578 0.000657 0.000021 
0.009131 0.000061 0.002070 
0.013142 0.000033 0.002100 
0.008676 0.001291 0.007721 
0.008505 0.000047 0.003842 
0.011293 0.001201 0.002720 
0.006816 0.001177 0.002925 
0.009048 0.000232 0.001401 
0.012838 0.000299 0.000048 
0.010387 0.000039 0.010343 
0.013616 0.002171 0.000645 
0.013273 0.000543 0.002149 
0.007991 0.000205 0.005412 
0.008996 0.000453 0.001459 
0.009925 0.000145 0.000475 
0.005920 0.000085 0.003800 
0.011981 0.000031 0.001079 
0.008231 0.000189 0.002314 
0.008765 0.001066 0.002305 
0.009495 0.000089 0.000052 
0.011087 0.001029 0.001791 
0.006651 0.000012 0.002192 
0.009844 0.002926 0.005657 
0.008972 0.000059 0.000148 
0.005226 0.000397 0.000517 
0.011213 0.000146 0.002564 
0.009621 0.000015 0.005519 
0.008933 0.000031 0.000045 
0.008031 0.000495 0.001492 
0.005799 0.000420 0.004790 
0.006006 0.000307 0.002050 
0.008422 0.000210 0.000851 
0.005026 0.000250 0.000427 
0.015105 0.000052 0.003814 
0.008222 0.000011 0.000619 
0.012569 0.001407 0.003328 
0.010492 0.000447 0.003703 
0.005647 0.000024 0.000073 
0.011306 0.000231 0.000022 
0.006192 0.000267 0.000302 
0.007267 0.000166 0.000365 
0.007077 0.000007 0.000329 
0.005930 0.000239 0.001352 
0.006985 0.000314 0.008589 
0.008470 0.000061 0.000687 
0.005351 0.000130 0.000288 
0.009399 0.000171 0.000255 
0.008220 0.000231 0.000186 
0.008275 0.001102 0.000584 
0.007363 0.000053 0.000294 
0.007163 0.000348 0.000388 
0.007191 0.000197 0.000692 
0.008784 0.000000 0.005781 
0.006599 0.000902 0.000365 
0.004130 0.000024 0.003396 
0.007664 0.000693 0.000347 
0.004572 0.000007 0.000831 
0.008696 0.000527 0.009591 
0.004748 0.000029 0.000665 
0.004030 0.000037 0.002019 
0.004679 0.000002 0.000433 
0.005387 0.000332 0.000179 
0.006254 0.001190 0.000484 
0.009043 0.000190 0.000040 
0.005159 0.000084 0.002116 
0.005976 0.000432 0.000244 
0.005118 0.000059 0.007694 
0.008407 0.000545 0.001585 
0.008334 0.000159 0.002156 
0.007153 0.000049 0.006507 
0.010045 0.000269 0.000313 
0.009270 0.000263 0.002080 
0.007656 0.000017 0.000070 
0.005791 0.000240 0.000455 
0.003522 0.000194 0.000197 
0.004956 0.000016 0.002619 
0.004639 0.000283 0.003765 
0.007407 0.000133 0.003484 
0.004158 0.000927 0.000220 
0.005572 0.000006 0.003069 
0.010558 0.000016 0.000859 
0.009793 0.000068 0.002264 
0.006024 0.000132 0.007972 
0.003330 0.000009 0.000077 
0.009234 0.000163 0.001627 
0.006274 0.000104 0.006728 
0.008636 0.000007 0.001178 
0.006435 0.000222 0.000932 
0.004570 0.000001 0.001788 
0.006336 0.000678 0.000397 
0.011517 0.000000 0.001957 
0.005838 0.000337 0.000765 
0.003058 0.000004 0.000015 
0.003947 0.000132 0.005198 
0.005151 0.000325 0.002212 
0.005236 0.000097 0.004681 
0.005252 0.001314 0.000181 
0.005180 0.000033 0.002351 
0.006426 0.000031 0.002052 
0.006299 0.000049 0.002712 
0.005608 0.000014 0.000499 
0.007256 0.000392 0.000851 
0.005270 0.000007 0.000621 
0.005571 0.000010 0.002937 
0.004825 0.000069 0.003020 
0.005031 0.000139 0.000498 
0.006950 0.000031 0.003323 
0.007605 0.001011 0.000453 
0.006384 0.000111 0.001242 
0.006150 0.000561 0.004376 
0.007330 0.001113 0.000513 
0.006691 0.000007 0.004321 
0.007388 0.000374 0.003760 
0.007603 0.001304 0.001234 
0.005955 0.000387 0.000478 
0.007193 0.000073 0.000606 
0.006478 0.000455 0.004708 
0.007168 0.000250 0.004090 
0.005930 0.000323 0.001594 
0.004998 0.000427 0.000637 
0.004481 0.000574 0.004097 
0.003880 0.000158 0.000071 
0.007715 0.000099 0.002989 
0.005061 0.000024 0.000781 
0.003144 0.000091 0.000586 
0.006617 0.000037 0.002422 
0.004609 0.000168 0.003037 
0.004664 0.000020 0.005574 
0.005247 0.000362 0.003620 
0.007247 0.000292 0.006015 
0.004970 0.000647 0.002448 
0.008507 0.000469 0.001860 
0.005843 0.001912 0.001696 
0.005977 0.000228 0.001181 
0.006206 0.000022 0.000873 
0.003449 0.000143 0.002405 
0.004848 0.000391 0.000107 
0.005644 0.000001 0.000244 
0.002624 0.000375 0.002619 
0.003133 0.000449 0.000192 
0.002829 0.000221 0.002137 
0.002455 0.000518 0.000109 
0.002620 0.000217 0.001613 
0.003336 0.000361 0.001211 
0.004103 0.000332 0.003003 
0.004170 0.000019 0.001862 
0.004078 0.000006 0.005594 
0.005248 0.000046 0.000168 
0.002702 0.000002 0.005179 
0.003503 0.000012 0.000060 
0.004418 0.000083 0.000116 
0.002673 0.000336 0.001473 
0.004731 0.000005 0.000244 
0.003255 0.000154 0.002722 
0.004219 0.000480 0.003515 
0.006397 0.000382 0.006549 
0.005821 0.000014 0.004674 
0.003939 0.000132 0.005546 
0.003501 0.000118 0.002295 
0.002596 0.000302 0.002872 
0.006435 0.000422 0.005229 
0.002751 0.000106 0.004817 
0.003865 0.000296 0.002728 
0.004794 0.000009 0.001936 
0.004816 0.000708 0.001354 
0.003190 0.000017 0.001034 
0.002955 0.000289 0.001346 
0.004840 0.000013 0.005437 
0.004909 0.000123 0.001131 
0.004547 0.000344 0.001996 
0.006399 0.000115 0.000329 
0.002306 0.000364 0.000444 
0.005575 0.000329 0.002504 
0.002491 0.000025 0.002958 
0.006601 0.000003 0.003146 
0.004635 0.000352 0.000747 
0.003986 0.000592 0.001945 
0.004084 0.000264 0.000554 
0.003092 0.000309 0.001585 
0.005612 0.000023 0.000076 
0.003017 0.000348 0.002473 
0.002531 0.000504 0.003622 
0.002700 0.000240 0.000885 
0.005219 0.000001 0.002015 
0.004744 0.000418 0.005679 
0.005385 0.000001 0.001833 
0.003040 0.000334 0.002785 
0.004723 0.000102 0.004376 
0.003387 0.000023 0.002503 
0.004336 0.000260 0.004227 
0.003075 0.000054 0.000602 
0.003809 0.000011 0.003151 
0.004811 0.000001 0.001543 
0.002929 0.000139 0.001565 
0.004122 0.000198 0.006606 
0.004035 0.000004 0.000875 
0.003332 0.000120 0.001410 
0.003953 0.000935 0.002591 
0.004063 0.000106 0.003483 
0.004424 0.000022 0.000873 
0.004580 0.000123 0.002330 
0.003874 0.000000 0.001713 
0.006843 0.000743 0.001033 
0.003723 0.000001 0.003782 
0.004297 0.000023 0.002365 
0.003074 0.000030 0.000837 
0.004776 0.000137 0.000843 
0.003199 0.000126 0.002455 
0.004390 0.000210 0.001221 
0.003961 0.000004 0.000282 
0.002683 0.000643 0.003110 
0.003148 0.000088 0.002019 
0.003613 0.000185 0.000163 
0.003344 0.000275 0.001640 
0.003171 0.000392 0.002811 
0.004107 0.000256 0.001671 
0.002831 0.000697 0.002121 
0.003007 0.000191 0.001616 
0.002060 0.000018 0.000778 
0.003274 0.000002 0.001283 
0.004704 0.000176 0.002008 
0.001088 0.000136 0.006571 
0.005455 0.000788 0.000566 
0.003552 0.000178 0.001631 
0.001793 0.000410 0.001867 
0.004029 0.000006 0.000306 
0.003830 0.000004 0.003134 
0.002765 0.000029 0.002906 
0.004073 0.000075 0.001929 
0.003203 0.000333 0.000989 
0.001860 0.000739 0.000932 
0.002476 0.000000 0.001146 
0.003152 0.000103 0.000054 
0.003427 0.000142 0.002281 
0.003293 0.000008 0.000022 
0.002217 0.000658 0.001685 
0.003552 0.000551 0.000596 
0.003975 0.000030 0.002847 
0.002350 0.000020 0.001754 
0.001730 0.000010 0.002862 
0.006249 0.000040 0.002126 
0.004245 0.000036 0.003178 
0.002477 0.000047 0.000006 
0.003527 0.000022 0.002229 
0.003608 0.000007 0.000502 
0.003836 0.000141 0.003472 
0.002408 0.000050 0.000654 
0.003588 0.000003 0.001035 
0.003365 0.000154 0.002581 
0.005334 0.000033 0.003506 
0.004190 0.000137 0.006537 
0.005076 0.000150 0.000661 
0.003227 0.000035 0.000473 
0.004178 0.000227 0.001803 
0.003637 0.000344 0.001135 
0.002985 0.000011 0.001476 
0.004771 0.000079 0.002333 
0.004117 0.000032 0.002633 
0.001470 0.000061 0.001258 
0.002102 0.000188 0.002112 
0.003550 0.000036 0.001251 
0.001817 0.000082 0.000598 
0.003875 0.000011 0.000636 
0.002219 0.000003 0.003898 
0.002896 0.000002 0.000710 
0.002928 0.000067 0.002913 
0.001427 0.000030 0.000979 
0.002900 0.000227 0.002573 
0.001555 0.000095 0.000424 
0.001722 0.000420 0.005163 
0.002292 0.000001 0.001405 
0.002484 0.000033 0.001426 
0.001834 0.000005 0.000941 
0.000898 0.000226 0.001396 
0.001627 0.000666 0.003523 
0.002175 0.000000 0.004735 
0.002520 0.000000 0.000109 
0.003730 0.000270 0.004251 
0.004705 0.000047 0.001726 
0.003866 0.000044 0.001102 
0.005686 0.000026 0.000632 
0.005998 0.000108 0.002375 
0.002542 0.000001 0.003263 
0.002408 0.000063 0.000651 
0.003796 0.000002 0.001531 
0.004411 0.000063 0.001859 
0.002883 0.000146 0.000199 
0.001621 0.000144 0.002793 
0.002989 0.000030 0.001694 
0.002355 0.000002 0.000531 
0.003006 0.000033 0.000867 
0.002979 0.000015 0.000777 
0.003059 0.000088 0.003375 
0.002591 0.001091 0.001833 
0.003645 0.000343 0.002324 
0.003992 0.000015 0.000757 
0.001323 0.000477 0.000249 
0.001745 0.000280 0.002626 
0.001982 0.000008 0.001444 
0.002818 0.000012 0.001981 
0.003183 0.000048 0.003123 
0.003287 0.000045 0.000791 
0.002614 0.000000 0.000183 
0.002084 0.000004 0.001697 
0.003736 0.000142 0.000763 
0.003361 0.000147 0.000524 
0.002408 0.000171 0.000271 
0.001903 0.000044 0.000424 
0.003554 0.000178 0.002035 
0.001731 0.000269 0.000666 
0.003525 0.000077 0.001477 
0.002139 0.000367 0.001121 
0.001535 0.000022 0.001176 
0.001542 0.000082 0.000811 
0.002448 0.000011 0.000700 
0.001703 0.000000 0.001485 
0.001168 0.000072 0.000215 
0.002776 0.000268 0.000117 
0.002197 0.000014 0.000864 
0.003009 0.000030 0.000665 
0.001846 0.000000 0.000077 
0.002293 0.000120 0.001518 
0.001615 0.000033 0.001184 
0.003219 0.000005 0.003726 
0.002396 0.000075 0.002575 
0.001971 0.000002 0.000000 
0.001894 0.000000 0.000995 
0.003691 0.000013 0.002325 
0.001454 0.000536 0.000001 
0.001996 0.000018 0.002088 
0.002793 0.000115 0.000730 
0.002141 0.000008 0.001272 
0.001707 0.000098 0.000256 
0.001335 0.000104 0.001549 
0.002539 0.000094 0.000693 
0.002231 0.000137 0.000719 
0.001617 0.000049 0.000894 
0.002461 0.000307 0.002731 
0.001839 0.001287 0.000244 
0.002844 0.000005 0.000506 
0.001660 0.000005 0.003664 
0.001203 0.000044 0.000349 
0.001846 0.000001 0.003802 
0.001645 0.000020 0.001024 
0.002325 0.000039 0.002434 
0.001992 0.000001 0.002895 
0.002169 0.000004 0.000168 
0.001638 0.000973 0.000104 
0.001773 0.000000 0.000978 
0.001464 0.000001 0.000828 
0.002586 0.000001 0.000001 
0.001442 0.000002 0.000769 
0.001319 0.000079 0.002913 
0.001683 0.000012 0.000010 
0.001175 0.000056 0.000405 
0.002244 0.000016 0.001402 
0.002249 0.000128 0.001093 
0.001815 0.000072 0.000252 
0.001562 0.000013 0.001923 
0.002219 0.000101 0.002695 
0.002088 0.000230 0.001224 
0.001797 0.000190 0.000631 
0.001698 0.000143 0.002985 
0.002142 0.000025 0.000639 
0.001637 0.000001 0.002807 
0.002196 0.000029 0.001224 
0.002157 0.000025 0.001531 
0.001674 0.000089 0.000956 
0.002255 0.000174 0.000348 
0.001775 0.000471 0.000349 
0.001316 0.000019 0.001077 
0.001969 0.000161 0.000288 
0.001945 0.000113 0.002120 
0.001238 0.000038 0.000403 
0.002783 0.000022 0.001144 
0.002068 0.000293 0.000132 
0.001151 0.000005 0.002317 
0.001207 0.000002 0.000781 
0.003227 0.000042 0.002672 
0.001491 0.000028 0.001422 
0.002459 0.000146 0.002601 
0.002238 0.000091 0.004203 
0.001602 0.000031 0.001204 
0.001519 0.000440 0.002379 
0.001272 0.000106 0.000406 
0.001674 0.000035 0.001121 
0.001640 0.000035 0.000958 
0.001197 0.000146 0.000948 
0.001766 0.000001 0.000003 
0.001950 0.000017 0.002254 
0.002063 0.000255 0.002222 
0.001539 0.000008 0.001527 
0.001662 0.000038 0.001696 
0.001853 0.000108 0.000458 
0.001748 0.000023 0.001388 
0.001728 0.000020 0.000137 
0.000934 0.000047 0.002026 
0.002591 0.000003 0.001703 
0.001914 0.000000 0.001287 
0.001417 0.000016 0.001868 
0.001905 0.000055 0.000594 
0.001582 0.000077 0.001700 
0.001309 0.000125 0.000629 
0.001801 0.000014 0.001996 
0.002231 0.000025 0.001269 
0.001634 0.000129 0.002666 
0.001430 0.000019 0.001062 
0.001366 0.000009 0.001662 
0.001916 0.000100 0.001406 
0.002364 0.000010 0.001884 
0.001615 0.000254 0.001421 
0.001363 0.000042 0.000612 
0.001031 0.000012 0.000582 
0.001322 0.000027 0.000539 
0.001077 0.000014 0.000996 
0.001599 0.000040 0.002842 
0.001224 0.000091 0.001229 
0.002087 0.000011 0.000660 
0.001410 0.000082 0.001107 
0.001417 0.000067 0.000025 
0.001863 0.000008 0.001388 
0.001345 0.000095 0.001176 
0.001042 0.000041 0.002510 
0.001376 0.000001 0.002320 
0.001244 0.000001 0.000276 
0.001336 0.000122 0.003263 
0.001306 0.000027 0.001132 
0.000916 0.000017 0.001887 
0.001492 0.000175 0.001404 
0.001358 0.000064 0.000096 
0.001571 0.000078 0.000867 
0.001672 0.000008 0.001232 
0.001024 0.000019 0.000148 
0.001533 0.000067 0.001614 
0.001345 0.000001 0.001491 
0.001399 0.000037 0.000766 
0.001357 0.000002 0.000832 
0.001588 0.000048 0.001698 
0.001239 0.000008 0.000405 
0.001415 0.000054 0.001434 
0.001250 0.000000 0.001269 
0.001415 0.000038 0.001297 
0.002227 0.000002 0.000046 
0.001127 0.000000 0.001042 
0.000905 0.000059 0.000066 
0.001028 0.000002 0.002617 
0.000850 0.000010 0.000226 
0.001242 0.000038 0.000136 
0.001207 0.000104 0.000638 
0.001439 0.000008 0.001158 
0.001703 0.000004 0.000124 
0.001218 0.000086 0.001631 
0.001219 0.000011 0.001340 
0.001587 0.000025 0.001364 
0.001402 0.000005 0.000583 
0.001009 0.000006 0.000416 
0.001845 0.000031 0.000012 
0.001463 0.000045 0.000331 
0.001372 0.000014 0.000617 
0.000910 0.000005 0.000769 
0.001536 0.000015 0.000270 
0.001552 0.000002 0.000335 
0.001008 0.000044 0.001532 
0.001291 0.000075 0.001857 
0.001074 0.000234 0.001100 
0.001090 0.000010 0.000714 
0.001077 0.000021 0.001399 
0.001606 0.000021 0.003403 
0.001707 0.000013 0.001511 
0.000986 0.000001 0.001765 
0.000643 0.000020 0.000519 
0.001218 0.000013 0.000844 
0.001602 0.000035 0.001843 
0.000967 0.000186 0.000730 
0.001474 0.000013 0.000644 
0.001593 0.000000 0.000325 
0.000880 0.000002 0.000886 
0.000964 0.000040 0.000330 
0.001580 0.000004 0.002073 
0.001578 0.000000 0.001644 
0.001297 0.000004 0.001423 
0.000708 0.000017 0.001018 
0.001120 0.000059 0.002040 
0.000703 0.000033 0.001238 
0.000800 0.000000 0.000523 
0.001549 0.000009 0.001520 
0.001183 0.000006 0.000323 
0.001350 0.000001 0.001205 
0.000737 0.000059 0.001475 
0.000950 0.000082 0.000442 
0.001551 0.000027 0.001490 
0.001058 0.000011 0.001677 
0.000731 0.000012 0.001964 
0.001344 0.000035 0.001427 
0.000693 0.000031 0.001953 
0.001298 0.000000 0.000826 
0.001121 0.000023 0.000891 
0.001019 0.000070 0.001686 
0.000901 0.000001 0.000839 
0.001073 0.000006 0.000519 
0.000812 0.000005 0.000654 
0.001164 0.000005 0.001588 
0.001452 0.000038 0.002054 
0.001097 0.000045 0.001587 
0.000575 0.000064 0.000307 
0.000727 0.000103 0.001029 
0.000451 0.000021 0.000932 
0.000573 0.000008 0.000651 
0.001262 0.000416 0.000979 
0.001020 0.000002 0.001050 
0.000708 0.000089 0.000917 
0.000840 0.000019 0.000826 
0.001025 0.000005 0.000673 
0.001128 0.000002 0.001730 
0.000901 0.000007 0.000754 
0.000602 0.000000 0.002464 
0.000701 0.000015 0.001268 
0.000559 0.000030 0.000652 
0.000887 0.000021 0.001158 
0.000901 0.000020 0.000840 
0.001123 0.000000 0.000956 
0.000749 0.000051 0.000774 
0.001401 0.000027 0.001058 
0.001217 0.000002 0.000171 
0.000089 0.000038 0.001605 
0.000743 0.000001 0.000889 
0.000670 0.000002 0.000471 
0.000789 0.000024 0.001595 
0.000643 0.000102 0.000612 
0.000941 0.000001 0.000425 
0.000640 0.000011 0.000906 
0.000809 0.000025 0.001317 
0.000725 0.000060 0.001536 
0.001003 0.000004 0.000883 
0.000378 0.000083 0.001301 
0.000719 0.000036 0.000374 
0.000568 0.000002 0.001318 
0.000952 0.000004 0.001141 
0.000863 0.000019 0.000854 
0.000825 0.000030 0.001749 
0.001524 0.000009 0.001270 
0.001142 0.000001 0.001103 
0.000364 0.000012 0.001517 
0.001035 0.000157 0.001569 
0.000684 0.000012 0.001369 
0.000511 0.000016 0.000592 
0.000914 0.000000 0.000959 
0.001072 0.000012 0.001320 
0.000936 0.000067 0.000384 
0.001070 0.000015 0.000823 
0.000900 0.000059 0.000379 
0.000585 0.000003 0.001013 
0.000595 0.000020 0.000999 
0.000995 0.000017 0.000535 
0.000563 0.000001 0.000941 
0.000287 0.000001 0.000339 
0.000956 0.000000 0.000698 
0.001097 0.000032 0.000717 
0.001171 0.000051 0.000649 
0.000444 0.000011 0.000417 
0.000627 0.000010 0.000119 
0.000789 0.000008 0.000278 
0.000804 0.000006 0.000462 
0.000856 0.000039 0.001342 
0.001289 0.000001 0.001437 
0.001084 0.000010 0.000723 
0.000969 0.000005 0.000698 
0.000907 0.000081 0.001350 
0.000487 0.000005 0.001034 
0.001071 0.000120 0.000315 
0.000655 0.000029 0.000469 
0.000969 0.000082 0.001065 
0.001337 0.000000 0.001067 
0.000478 0.000005 0.001989 
0.000926 0.000018 0.001632 
0.001252 0.000208 0.000583 
0.000839 0.000003 0.001325 
0.000567 0.000024 0.000410 
0.000801 0.000015 0.000637 
0.000769 0.000013 0.001099 
0.001034 0.000050 0.000807 
0.000850 0.000005 0.001138 
0.000869 0.000038 0.000369 
0.001057 0.000025 0.000380 
0.000554 0.000007 0.001159 
0.000498 0.000002 0.000582 
0.000996 0.000037 0.001246 
0.000682 0.000000 0.000690 
0.000998 0.000016 0.000997 
0.000847 0.000032 0.000819 
0.000606 0.000019 0.000412 
0.000738 0.000005 0.000592 
0.000413 0.000066 0.001304 
0.000725 0.000004 0.000704 
0.000758 0.000079 0.000209 
0.000429 0.000032 0.000314 
0.000627 0.000009 0.000619 
0.001022 0.000001 0.000722 
0.000562 0.000000 0.000808 
0.000803 0.000012 0.000771 
0.000654 0.000024 0.000561 
0.000673 0.000001 0.001081 
0.000392 0.000010 0.001490 
0.000539 0.000018 0.001374 
0.000606 0.000004 0.000851 
0.000669 0.000045 0.001604 
0.000753 0.000014 0.000513 
0.000928 0.000002 0.000608 
0.000871 0.000015 0.000620 
0.000310 0.000008 0.000659 
0.000501 0.000014 0.000529 
0.000774 0.000000 0.000271 
0.000735 0.000001 0.000580 
0.000432 0.000005 0.000299 
0.000518 0.000033 0.000844 
0.000820 0.000001 0.000883 
0.000871 0.000007 0.000364 
0.000619 0.000013 0.001051 
0.000446 0.000018 0.000489 
0.000486 0.000003 0.000657 
0.000565 0.000024 0.000418 
0.000821 0.000000 0.001113 
0.000727 0.000015 0.000655 
0.000431 0.000089 0.000733 
0.001136 0.000037 0.001625 
0.000724 0.000094 0.000450 
0.000566 0.000056 0.000401 
0.000511 0.000006 0.000877 
0.000589 0.000002 0.001124 
0.000408 0.000013 0.001709 
0.000586 0.000002 0.000404 
0.000557 0.000039 0.001106 
0.000929 0.000033 0.000919 
0.000356 0.000005 0.000345 
0.000418 0.000000 0.000387 
0.000376 0.000092 0.000311 
0.000494 0.000001 0.001095 
0.000688 0.000000 0.000166 
0.000592 0.000051 0.000381 
0.000701 0.000006 0.001087 
0.000649 0.000026 0.000225 
0.000706 0.000009 0.000371 
0.000577 0.000023 0.000820 
0.000704 0.000017 0.000665 
0.000405 0.000001 0.000733 
0.000715 0.000000 0.000513 
0.000854 0.000008 0.000573 
0.000304 0.000038 0.000764 
0.000578 0.000000 0.000997 
0.000521 0.000002 0.000764 
0.000801 0.000045 0.000636 
0.000631 0.000002 0.000362 
0.000633 0.000024 0.000906 
0.000710 0.000014 0.000932 
0.000507 0.000100 0.000633 
0.000354 0.000001 0.000429 
0.000603 0.000000 0.000183 
0.000516 0.000062 0.001770 
0.000550 0.000029 0.000320 
0.000592 0.000001 0.001117 
0.000426 0.000019 0.000830 
0.000606 0.000025 0.000369 
0.000358 0.000001 0.000858 
0.000543 0.000002 0.001007 
0.000614 0.000003 0.000419 
0.000399 0.000014 0.001404 
0.000582 0.000001 0.000459 
0.000348 0.000014 0.000928 
0.000650 0.000023 0.000631 
0.000450 0.000023 0.000871 
0.000419 0.000033 0.000700 
0.000529 0.000000 0.000542 
0.000593 0.000001 0.000115 
0.000180 0.000047 0.000722 
0.000518 0.000048 0.000489 
0.000508 0.000005 0.000733 
0.000344 0.000045 0.001069 
0.000398 0.000036 0.001211 
0.000376 0.000173 0.000821 
0.000478 0.000006 0.000466 
0.000495 0.000067 0.000548 
0.000414 0.000069 0.000301 
0.000694 0.000032 0.000337 
0.000547 0.000003 0.000219 
0.000411 0.000010 0.000830 
0.000602 0.000001 0.000374 
0.000441 0.000039 0.000112 
0.000428 0.000015 0.000901 
0.000471 0.000027 0.000875 
0.000408 0.000003 0.000816 
0.000574 0.000020 0.000217 
0.000288 0.000009 0.000419 
0.000578 0.000012 0.000240 
0.000729 0.000014 0.000755 
0.000505 0.000000 0.000380 
0.000553 0.000078 0.000869 
0.000261 0.000007 0.000357 
0.000582 0.000051 0.000673 
0.000543 0.000017 0.000588 
0.000575 0.000019 0.000197 
0.000278 0.000020 0.000891 
0.000454 0.000000 0.000420 
0.000632 0.000005 0.000614 
0.000290 0.000032 0.000920 
0.000447 0.000009 0.000552 
0.000407 0.000054 0.000795 
0.000292 0.000010 0.000567 
0.000501 0.000049 0.000658 
0.000610 0.000000 0.000063 
0.000369 0.000016 0.000647 
0.000571 0.000024 0.000253 
0.000348 0.000009 0.001117 
0.000333 0.000023 0.000345 
0.000642 0.000008 0.000611 
0.000413 0.000002 0.000025 
0.000395 0.000025 0.000508 
0.000371 0.000020 0.000446 
0.000372 0.000001 0.000451 
0.000370 0.000004 0.000285 
0.000393 0.000050 0.000663 
0.000238 0.000005 0.000682 
0.000685 0.000013 0.000553 
0.000615 0.000023 0.000385 
0.000477 0.000002 0.000507 
0.000388 0.000007 0.000335 
0.000358 0.000003 0.000475 
0.000149 0.000031 0.000194 
0.000455 0.000067 0.000492 
0.000460 0.000033 0.001159 
0.000537 0.000037 0.000499 
0.000504 0.000018 0.000328 
0.000472 0.000013 0.000662 
0.000466 0.000001 0.000480 
0.000299 0.000116 0.000840 
0.000195 0.000004 0.000692 
0.000366 0.000012 0.000219 
0.000543 0.000000 0.000562 
0.000380 0.000001 0.000912 
0.000574 0.000015 0.000566 
0.000280 0.000011 0.000213 
0.000244 0.000020 0.000275 
0.000249 0.000021 0.000091 
0.000319 0.000028 0.000814 
0.000372 0.000009 0.000647 
0.000618 0.000001 0.000473 
0.000427 0.000001 0.000416 
0.000442 0.000042 0.001004 
0.000572 0.000120 0.000320 
0.000290 0.000044 0.000262 
0.000395 0.000020 0.000360 
0.000655 0.000002 0.000303 
0.000414 0.000003 0.000481 
0.000418 0.000069 0.000471 
0.000295 0.000053 0.000353 
0.000374 0.000098 0.000305 
0.000370 0.000002 0.000158 
0.000292 0.000012 0.000263 
0.000370 0.000010 0.000164 
0.000385 0.000001 0.000462 
0.000276 0.000053 0.000647 
0.000515 0.000000 0.000430 
0.000406 0.000012 0.000407 
0.000271 0.000000 0.000474 
0.000459 0.000001 0.000250 
0.000257 0.000006 0.000214 
0.000359 0.000001 0.000620 
0.000242 0.000062 0.000758 
0.000198 0.000012 0.000709 
0.000345 0.000019 0.000842 
0.000404 0.000046 0.000402 
0.000149 0.000001 0.000527 
0.000230 0.000000 0.000740 
0.000319 0.000011 0.000234 
0.000208 0.000004 0.000166 
0.000346 0.000000 0.000693 
0.000188 0.000018 0.000561 
0.000416 0.000030 0.000436 
0.000406 0.000005 0.000462 
0.000500 0.000016 0.000516 
0.000420 0.000029 0.000451 
0.000299 0.000021 0.000494 
0.000266 0.000037 0.000210 
0.000298 0.000001 0.000207 
0.000275 0.000022 0.000090 
0.000398 0.000052 0.000728 
0.000298 0.000000 0.000102 
0.000200 0.000067 0.000241 
0.000242 0.000000 0.000185 
0.000260 0.000000 0.000468 
0.000260 0.000009 0.000249 
0.000422 0.000044 0.000146 
0.000280 0.000010 0.000127 
0.000208 0.000035 0.000334 
0.000300 0.000001 0.000332 
0.000107 0.000093 0.000250 
0.000209 0.000053 0.000240 
0.000270 0.000011 0.000687 
0.000384 0.000072 0.000322 
0.000183 0.000007 0.000401 
0.000273 0.000018 0.000409 
0.000345 0.000029 0.000243 
0.000251 0.000002 0.000418 
0.000417 0.000067 0.000503 
0.000280 0.000000 0.000167 
0.000238 0.000028 0.000450 
0.000336 0.000033 0.000519 
0.000153 0.000014 0.000196 
0.000360 0.000025 0.000657 
0.000181 0.000022 0.000362 
0.000258 0.000045 0.000407 
0.000306 0.000037 0.000469 
0.000184 0.000060 0.000200 
0.000273 0.000010 0.000303 
0.000220 0.000050 0.000553 
0.000264 0.000013 0.000528 
0.000360 0.000005 0.000417 
0.000467 0.000032 0.000642 
0.000041 0.000003 0.000236 
0.000288 0.000050 0.000215 
0.000262 0.000011 0.000357 
0.000286 0.000023 0.000507 
0.000351 0.000005 0.000383 
0.000355 0.000030 0.000228 
0.000233 0.000012 0.000478 
0.000311 0.000014 0.000260 
0.000366 0.000000 0.000462 
0.000297 0.000034 0.000238 
0.000289 0.000005 0.000397 
0.000173 0.000006 0.000223 
0.000269 0.000067 0.000384 
0.000193 0.000004 0.000195 
0.000191 0.000014 0.000407 
0.000205 0.000063 0.000366 
0.000239 0.000018 0.000336 
0.000266 0.000003 0.000263 
0.000179 0.000098 0.000216 
0.000235 0.000000 0.000055 
0.000310 0.000043 0.000082 
0.000229 0.000001 0.000443 
0.000296 0.000009 0.000180 
0.000289 0.000103 0.000337 
0.000241 0.000033 0.000575 
0.000234 0.000003 0.000399 
0.000378 0.000012 0.000313 
0.000253 0.000014 0.000304 
0.000237 0.000027 0.000389 
0.000304 0.000035 0.000318 
0.000245 0.000001 0.000237 
0.000180 0.000000 0.000140 
0.000247 0.000017 0.000216 
0.000288 0.000044 0.000309 
0.000197 0.000001 0.000273 
0.000298 0.000041 0.000158 
0.000326 0.000016 0.000617 
0.000281 0.000017 0.000242 
0.000287 0.000048 0.000109 
0.000290 0.000018 0.000287 
0.000235 0.000000 0.000075 
0.000270 0.000012 0.000205 
0.000285 0.000003 0.000297 
0.000338 0.000002 0.000286 
0.000316 0.000050 0.000301 
0.000239 0.000023 0.000292 
0.000143 0.000035 0.000355 
0.000209 0.000019 0.000165 
0.000280 0.000029 0.000115 
0.000250 0.000007 0.000398 
0.000154 0.000035 0.000191 
0.000462 0.000004 0.000089 
0.000198 0.000004 0.000285 
0.000363 0.000000 0.000021 
0.000269 0.000039 0.000125 
0.000166 0.000001 0.000408 
0.000238 0.000009 0.000296 
0.000187 0.000000 0.000244 
0.000218 0.000025 0.000182 
0.000291 0.000002 0.000140 
0.000208 0.000060 0.000068 
0.000324 0.000004 0.000334 
0.000183 0.000001 0.000221 
0.000225 0.000028 0.000239 
0.000208 0.000032 0.000068 
0.000249 0.000028 0.000404 
0.000286 0.000025 0.000101 
0.000137 0.000021 0.000249 
0.000233 0.000048 0.000176 
0.000272 0.000015 0.000523 
0.000260 0.000001 0.000542 
0.000272 0.000023 0.000312 
0.000237 0.000000 0.000141 
0.000238 0.000014 0.000529 
0.000389 0.000004 0.000249 
0.000158 0.000030 0.000154 
0.000141 0.000018 0.000280 
0.000222 0.000024 0.000279 
0.000253 0.000000 0.000144 
0.000103 0.000000 0.000526 
0.000181 0.000001 0.000234 
0.000042 0.000001 0.000089 
0.000318 0.000008 0.000123 
0.000239 0.000001 0.000261 
0.000183 0.000010 0.000541 
0.000181 0.000000 0.000086 
0.000204 0.000000 0.000274 
0.000143 0.000029 0.000130 
0.000242 0.000056 0.000199 
0.000256 0.000015 0.000156 
0.000213 0.000002 0.000074 
0.000189 0.000046 0.000124 
0.000295 0.000005 0.000233 
0.000300 0.000024 0.000310 
0.000256 0.000014 0.000457 
0.000254 0.000011 0.000250 
0.000200 0.000003 0.000168 
0.000133 0.000000 0.000038 
0.000170 0.000006 0.000277 
0.000254 0.000017 0.000364 
0.000268 0.000050 0.000158 
0.000252 0.000001 0.000071 
0.000235 0.000024 0.000275 
0.000140 0.000000 0.000167 
0.000211 0.000074 0.000265 
0.000120 0.000016 0.000318 
0.000132 0.000004 0.000263 
0.000262 0.000078 0.000243 
0.000183 0.000027 0.000213 
0.000263 0.000001 0.000437 
0.000266 0.000056 0.000185 
0.000155 0.000030 0.000273 
0.000255 0.000004 0.000143 
0.000112 0.000014 0.000149 
0.000117 0.000005 0.000297 
0.000127 0.000002 0.000162 
0.000174 0.000003 0.000108 
0.000122 0.000001 0.000382 
0.000264 0.000022 0.000093 
0.000196 0.000028 0.000235 
0.000098 0.000008 0.000161 
0.000234 0.000004 0.000357 
0.000080 0.000016 0.000276 
0.000124 0.000017 0.000320 
0.000126 0.000003 0.000028 
0.000159 0.000059 0.000296 
0.000140 0.000034 0.000456 
0.000116 0.000005 0.000190 
0.000146 0.000000 0.000183 
0.000174 0.000004 0.000080 
0.000127 0.000011 0.000254 
0.000140 0.000005 0.000346 
0.000285 0.000009 0.000062 
0.000201 0.000017 0.000132 
0.000122 0.000004 0.000243 
0.000079 0.000027 0.000218 
0.000259 0.000021 0.000156 
0.000205 0.000007 0.000171 
0.000222 0.000006 0.000103 
0.000175 0.000000 0.000102 
0.000149 0.000046 0.000242 
0.000183 0.000022 0.000195 
0.000228 0.000014 0.000083 
0.000215 0.000025 0.000278 
0.000081 0.000001 0.000123 
0.000230 0.000024 0.000107 
0.000160 0.000009 0.000207 
0.000195 0.000004 0.000238 
0.000137 0.000020 0.000057 
0.000227 0.000004 0.000190 
0.000123 0.000010 0.000098 
0.000162 0.000043 0.000149 
0.000125 0.000007 0.000123 
0.000134 0.000002 0.000079 
0.000130 0.000027 0.000334 
0.000159 0.000022 0.000176 
0.000105 0.000006 0.000445 
0.000193 0.000001 0.000323 
0.000138 0.000013 0.000154 
0.000191 0.000009 0.000141 
0.000091 0.000005 0.000205 
0.000146 0.000023 0.000256 
0.000157 0.000017 0.000382 
0.000163 0.000054 0.000208 
0.000128 0.000031 0.000276 
0.000113 0.000023 0.000101 
0.000198 0.000015 0.000253 
0.000101 0.000003 0.000114 
0.000131 0.000045 0.000225 
0.000109 0.000001 0.000316 
0.000161 0.000001 0.000206 
0.000124 0.000070 0.000159 
0.000147 0.000009 0.000360 
0.000123 0.000044 0.000373 
0.000140 0.000011 0.000186 
0.000115 0.000005 0.000218 
0.000150 0.000034 0.000164 
0.000094 0.000000 0.000269 
0.000150 0.000000 0.000137 
0.000133 0.000003 0.000105 
0.000134 0.000016 0.000257 
0.000195 0.000003 0.000158 
0.000157 0.000020 0.000309 
